0.000000000000000000e+00
0.000000000000000000e+00
0.000000000000000000e+00
0.000000000000000000e+00
0.000000000000000000e+00
0.000000000000000000e+00
0.000000000000000000e+00
0.000000000000000000e+00
1.277287999999999979e+00
1.004056000000000060e+00
7.934080000000000021e-01
6.526880000000000459e-01
5.486159999999999926e-01
4.733840000000000270e-01
4.059200000000000030e-01
3.546719999999999873e-01
4.177279999999999882e-01
6.074960000000000360e-01
6.881920000000000259e-01
6.972880000000000189e-01
6.674959999999999782e-01
6.255039999999999489e-01
5.863840000000000163e-01
5.440880000000000161e-01
5.100080000000000169e-01
5.123199999999999976e-01
5.525759999999999561e-01
5.873599999999999932e-01
6.093680000000000208e-01
6.166559999999999819e-01
6.112880000000000535e-01
6.020159999999999956e-01
5.809760000000000479e-01
5.673599999999999755e-01
5.598159999999999803e-01
5.615040000000000031e-01
5.734000000000000208e-01
5.830239999999999867e-01
5.885280000000000511e-01
5.946479999999999544e-01
5.957679999999999643e-01
5.858400000000000274e-01
5.811039999999999539e-01
5.759919999999999485e-01
5.742639999999999967e-01
5.755919999999999925e-01
5.767360000000000264e-01
5.824799999999999978e-01
5.849360000000000115e-01
5.866240000000000343e-01
5.842559999999999976e-01
5.838719999999999466e-01
5.836080000000000156e-01
5.751760000000000206e-01
5.832559999999999967e-01
5.819600000000000328e-01
5.789199999999999902e-01
5.814479999999999649e-01
5.804960000000000120e-01
5.831039999999999557e-01
5.843760000000000066e-01
5.819280000000000008e-01
5.837839999999999696e-01
5.856000000000000094e-01
5.776240000000000263e-01
5.810400000000000009e-01
5.836559999999999526e-01
5.812720000000000109e-01
5.809279999999999999e-01
5.838160000000000016e-01
5.782880000000000242e-01
5.847040000000000015e-01
5.842319999999999736e-01
5.842239999999999656e-01
5.778879999999999573e-01
5.852000000000000535e-01
5.790880000000000472e-01
5.814399999999999569e-01
5.800239999999999840e-01
5.784880000000000022e-01
5.792079999999999451e-01
5.858560000000000434e-01
5.863920000000000243e-01
5.808720000000000550e-01
5.775439999999999463e-01
5.820880000000000498e-01
5.811119999999999619e-01
5.857679999999999554e-01
5.818079999999999918e-01
5.804479999999999640e-01
5.815360000000000529e-01
5.832559999999999967e-01
5.783040000000000402e-01
5.827919999999999767e-01
5.852960000000000385e-01
5.825360000000000538e-01
5.820239999999999858e-01
5.817759999999999598e-01
5.842479999999999896e-01
5.821760000000000268e-01
5.819119999999999848e-01
5.815360000000000529e-01
5.806080000000000130e-01
5.819919999999999538e-01
5.777039999999999953e-01
5.827679999999999527e-01
5.813279999999999559e-01
5.837759999999999616e-01
5.816719999999999668e-01
5.804000000000000270e-01
5.785120000000000262e-01
5.827759999999999607e-01
5.828079999999999927e-01
5.835839999999999916e-01
5.770399999999999974e-01
5.823279999999999568e-01
5.851920000000000455e-01
5.822000000000000508e-01
5.807200000000000140e-01
5.798799999999999510e-01
5.814639999999999809e-01
5.811520000000000019e-01
5.847599999999999465e-01
5.825919999999999987e-01
5.801600000000000090e-01
5.812880000000000269e-01
5.807600000000000540e-01
5.814719999999999889e-01
5.798560000000000381e-01
5.822800000000000198e-01
5.815360000000000529e-01
5.836160000000000236e-01
5.789840000000000542e-01
5.826080000000000148e-01
5.825200000000000378e-01
5.799919999999999520e-01
5.828719999999999457e-01
5.819039999999999768e-01
5.799600000000000311e-01
5.793519999999999781e-01
5.813120000000000509e-01
5.816160000000000219e-01
5.810720000000000329e-01
5.821680000000000188e-01
5.796639999999999571e-01
5.825200000000000378e-01
5.830319999999999947e-01
5.839760000000000506e-01
5.790880000000000472e-01
5.813920000000000199e-01
5.786719999999999642e-01
5.831199999999999717e-01
5.842239999999999656e-01
5.798879999999999590e-01
5.858719999999999484e-01
5.855679999999999774e-01
5.847520000000000495e-01
5.819760000000000488e-01
5.765919999999999934e-01
5.785519999999999552e-01
5.831039999999999557e-01
5.804319999999999480e-01
5.813040000000000429e-01
5.828640000000000487e-01
5.849680000000000435e-01
5.819680000000000408e-01
5.785599999999999632e-01
5.802880000000000260e-01
5.827679999999999527e-01
5.841039999999999566e-01
5.857520000000000504e-01
5.810560000000000169e-01
5.817440000000000389e-01
5.826240000000000308e-01
5.822079999999999478e-01
5.804880000000000040e-01
5.821760000000000268e-01
5.838560000000000416e-01
5.829119999999999857e-01
5.816799999999999748e-01
5.845839999999999925e-01
5.874399999999999622e-01
5.810159999999999769e-01
5.781359999999999832e-01
5.848719999999999475e-01
5.803199999999999470e-01
5.788400000000000212e-01
5.822159999999999558e-01
5.826799999999999757e-01
5.810720000000000329e-01
5.858240000000000114e-01
5.849440000000000195e-01
5.831039999999999557e-01
5.792159999999999531e-01
5.826000000000000068e-01
5.786000000000000032e-01
5.831840000000000357e-01
5.798159999999999981e-01
5.810959999999999459e-01
5.838480000000000336e-01
5.829520000000000257e-01
5.804000000000000270e-01
5.834799999999999986e-01
5.803040000000000420e-01
5.814559999999999729e-01
5.845120000000000315e-01
5.808159999999999989e-01
5.790239999999999831e-01
5.833359999999999657e-01
5.841439999999999966e-01
5.795599999999999641e-01
5.794319999999999471e-01
5.859360000000000124e-01
5.838240000000000096e-01
5.847520000000000495e-01
5.832800000000000207e-01
5.814559999999999729e-01
5.813840000000000119e-01
5.750319999999999876e-01
5.759840000000000515e-01
5.764559999999999684e-01
5.819280000000000008e-01
5.890879999999999450e-01
5.947040000000000104e-01
5.911119999999999708e-01
5.903760000000000119e-01
5.831119999999999637e-01
5.719840000000000479e-01
5.628560000000000230e-01
5.587839999999999474e-01
5.633040000000000269e-01
5.885359999999999481e-01
5.993199999999999639e-01
6.121680000000000454e-01
6.144239999999999702e-01
6.125439999999999774e-01
5.880640000000000311e-01
5.516799999999999482e-01
5.112240000000000117e-01
5.055199999999999694e-01
5.444080000000000030e-01
5.904880000000000129e-01
6.266639999999999988e-01
6.675119999999999942e-01
6.967520000000000380e-01
6.923040000000000305e-01
6.087759999999999838e-01
4.171119999999999828e-01
3.561360000000000081e-01
4.058559999999999945e-01
4.743519999999999959e-01
5.501439999999999664e-01
6.526560000000000139e-01
7.918239999999999723e-01
1.004936000000000051e+00
1.274744000000000099e+00
