0.000000000000000000e+00
0.000000000000000000e+00
0.000000000000000000e+00
0.000000000000000000e+00
0.000000000000000000e+00
0.000000000000000000e+00
0.000000000000000000e+00
0.000000000000000000e+00
2.108071999999999946e+00
1.345623999999999931e+00
8.608160000000000256e-01
6.206720000000000015e-01
4.836400000000000143e-01
3.925679999999999725e-01
3.243199999999999972e-01
2.734079999999999844e-01
4.765199999999999991e-01
1.022248000000000046e+00
1.121151999999999926e+00
9.641920000000000490e-01
8.053679999999999728e-01
6.706480000000000219e-01
5.699039999999999662e-01
4.950640000000000041e-01
4.418159999999999865e-01
5.324320000000000164e-01
7.574880000000000502e-01
8.910719999999999752e-01
8.850080000000000169e-01
8.246879999999999766e-01
7.469839999999999813e-01
6.719760000000000177e-01
5.957519999999999483e-01
5.514719999999999622e-01
5.784000000000000252e-01
6.801439999999999708e-01
7.601599999999999469e-01
8.056959999999999678e-01
7.908960000000000434e-01
7.624480000000000146e-01
7.175599999999999756e-01
6.632160000000000277e-01
6.251919999999999700e-01
6.181999999999999718e-01
6.550799999999999956e-01
7.132079999999999531e-01
7.431520000000000348e-01
7.594959999999999489e-01
7.540959999999999885e-01
7.252399999999999958e-01
6.969520000000000159e-01
6.705839999999999579e-01
6.524480000000000279e-01
6.622320000000000428e-01
6.875440000000000440e-01
7.143199999999999550e-01
7.309200000000000141e-01
7.361280000000000046e-01
7.281039999999999734e-01
7.087360000000000326e-01
6.872479999999999700e-01
6.798399999999999999e-01
6.768880000000000452e-01
6.809680000000000177e-01
6.997360000000000246e-01
7.204800000000000093e-01
7.173359999999999737e-01
7.170239999999999947e-01
7.180720000000000436e-01
6.969760000000000399e-01
6.899199999999999777e-01
6.869520000000000071e-01
6.875520000000000520e-01
6.924000000000000155e-01
7.068480000000000318e-01
7.112720000000000153e-01
7.170159999999999867e-01
7.113840000000000163e-01
7.044559999999999711e-01
6.973040000000000349e-01
6.953519999999999701e-01
6.910159999999999636e-01
6.853839999999999932e-01
7.014479999999999604e-01
7.068560000000000398e-01
7.119360000000000133e-01
7.112000000000000544e-01
7.069919999999999538e-01
6.975519999999999499e-01
6.997839999999999616e-01
6.925120000000000164e-01
6.927919999999999634e-01
6.968879999999999519e-01
7.033359999999999612e-01
7.104160000000000474e-01
7.063920000000000199e-01
7.072880000000000278e-01
6.999199999999999866e-01
7.027120000000000033e-01
6.910640000000000116e-01
6.985200000000000298e-01
6.998159999999999936e-01
6.972800000000000109e-01
7.068480000000000318e-01
7.057280000000000220e-01
7.021600000000000064e-01
7.047839999999999661e-01
6.995919999999999916e-01
6.980399999999999938e-01
7.039919999999999511e-01
7.005360000000000475e-01
6.968239999999999990e-01
7.105439999999999534e-01
7.030640000000000223e-01
6.993439999999999657e-01
7.009360000000000035e-01
6.934559999999999613e-01
7.023120000000000474e-01
6.994320000000000537e-01
7.009119999999999795e-01
6.990640000000000187e-01
7.040399999999999991e-01
7.042800000000000171e-01
7.027520000000000433e-01
6.994000000000000217e-01
6.971279999999999699e-01
7.010319999999999885e-01
7.037679999999999492e-01
6.986639999999999517e-01
6.976639999999999509e-01
7.056480000000000530e-01
7.026080000000000103e-01
7.041359999999999841e-01
7.050079999999999680e-01
6.973599999999999799e-01
6.994879999999999987e-01
7.001199999999999646e-01
6.986320000000000308e-01
7.019760000000000444e-01
7.038879999999999582e-01
7.034479999999999622e-01
7.013120000000000465e-01
7.044799999999999951e-01
7.014240000000000475e-01
6.987600000000000477e-01
6.939359999999999973e-01
7.019680000000000364e-01
6.957360000000000211e-01
7.123119999999999452e-01
7.040239999999999831e-01
7.030560000000000143e-01
7.008879999999999555e-01
7.050959999999999450e-01
6.995759999999999756e-01
6.953040000000000331e-01
7.001199999999999646e-01
6.979600000000000248e-01
7.001199999999999646e-01
7.055759999999999810e-01
7.005759999999999765e-01
7.028560000000000363e-01
7.037839999999999652e-01
7.058959999999999679e-01
6.987520000000000397e-01
7.006080000000000085e-01
7.004320000000000546e-01
7.037120000000000042e-01
6.990159999999999707e-01
6.950720000000000232e-01
7.010159999999999725e-01
7.038879999999999582e-01
7.033040000000000402e-01
7.016240000000000254e-01
6.990800000000000347e-01
6.999999999999999556e-01
7.056719999999999660e-01
6.984000000000000208e-01
7.014880000000000004e-01
7.042159999999999531e-01
7.056959999999999900e-01
7.049520000000000231e-01
6.971680000000000099e-01
6.950079999999999592e-01
7.023519999999999763e-01
7.048799999999999510e-01
6.965919999999999890e-01
7.045439999999999481e-01
7.115280000000000493e-01
7.058560000000000390e-01
7.095439999999999525e-01
6.979520000000000168e-01
6.880800000000000249e-01
6.967919999999999670e-01
6.904879999999999907e-01
6.991760000000000197e-01
7.022639999999999993e-01
7.137280000000000291e-01
7.189119999999999955e-01
7.158879999999999688e-01
6.959199999999999831e-01
6.911040000000000516e-01
6.841279999999999584e-01
6.804240000000000288e-01
6.927440000000000264e-01
6.976879999999999749e-01
7.192399999999999904e-01
7.285760000000000014e-01
7.302640000000000242e-01
7.109999999999999654e-01
6.920479999999999965e-01
6.682399999999999451e-01
6.597920000000000451e-01
6.697440000000000060e-01
6.961840000000000250e-01
7.218480000000000452e-01
7.430080000000000018e-01
7.621200000000000196e-01
7.400480000000000391e-01
7.125280000000000502e-01
6.549679999999999946e-01
6.233520000000000172e-01
6.335279999999999800e-01
6.612320000000000420e-01
7.123439999999999772e-01
7.559839999999999893e-01
7.922639999999999683e-01
8.062479999999999647e-01
7.612799999999999567e-01
6.717359999999999998e-01
5.817520000000000469e-01
5.543280000000000429e-01
6.043039999999999523e-01
6.707199999999999829e-01
7.459839999999999804e-01
8.232239999999999558e-01
8.903119999999999923e-01
8.846399999999999819e-01
7.612240000000000117e-01
5.246720000000000272e-01
4.451600000000000001e-01
4.978639999999999732e-01
5.779199999999999893e-01
6.757600000000000273e-01
7.910960000000000214e-01
9.666719999999999757e-01
1.122360000000000024e+00
1.028087999999999891e+00
4.639280000000000070e-01
2.739119999999999888e-01
3.314239999999999964e-01
3.937599999999999989e-01
4.882239999999999913e-01
6.216479999999999784e-01
8.580480000000000329e-01
1.346144000000000007e+00
2.101656000000000191e+00
