2.380609690131443301e+00
2.375908269989584376e+00
2.373312021187526266e+00
2.373627349277589005e+00
2.371592095020982782e+00
2.370787194381610341e+00
2.367753852146033289e+00
2.368030795859044524e+00
2.366325789865434182e+00
2.364161349986093175e+00
2.364565395845070750e+00
2.364087681515351758e+00
2.361845141115775704e+00
2.361101173411677578e+00
2.361018861097536892e+00
2.360062139016574356e+00
2.358178628719567183e+00
2.358190497548158238e+00
2.357628160578755239e+00
2.357500950438106369e+00
2.354875173557836820e+00
2.356207269487289313e+00
2.355419400576204580e+00
2.354739644461520953e+00
2.355131465350526199e+00
2.354555039055425070e+00
2.354754219735286203e+00
2.354507481271647329e+00
2.354600552403818270e+00
2.354480925111024803e+00
2.354413564944306980e+00
2.354473961902719292e+00
2.354417982308973922e+00
2.354394591482326771e+00
2.354399751968754284e+00
2.354409032376378885e+00
2.354399032901155930e+00
2.354404214696669495e+00
2.354387012181144101e+00
2.354390071525017891e+00
