8.412938230141435714e-01
5.197373111687382252e-01
3.700773011311262461e-01
2.926129318793734280e-01
2.472867965906771770e-01
2.171474592644667689e-01
1.947238271668546017e-01
1.766566978730281789e-01
1.613360388026223446e-01
1.479394157374491203e-01
1.360291534763188037e-01
1.253459300574671087e-01
1.157163120461470740e-01
1.070116349136863571e-01
9.912732502963735037e-02
9.197503644631854769e-02
8.548067077572915617e-02
7.957708253363010575e-02
7.420382636921660224e-02
6.930848331969632903e-02
6.484592990305959592e-02
6.076724794517041062e-02
5.704162955258861023e-02
5.363139450809933928e-02
5.050490465806874163e-02
4.763696826939728401e-02
4.500210013459669811e-02
4.257546734977588065e-02
4.033990271563808738e-02
3.827817353765231023e-02
3.637071585045869443e-02
3.460605867107294231e-02
3.296902945131250512e-02
3.144932118795293330e-02
3.003608151481435701e-02
2.871973062413119351e-02
2.749174440533538530e-02
2.634423348232630552e-02
2.527038109863686752e-02
2.426452191115722329e-02
2.331956972185114663e-02
2.243133534715885391e-02
2.159541502466937740e-02
2.080733883174981647e-02
2.006344306697114763e-02
1.936033691755154398e-02
1.869459111732058379e-02
1.806388599636930825e-02
1.746524523146967406e-02
1.689658128848230828e-02
1.635605391574238010e-02
1.584106147603393105e-02
1.535028663234345482e-02
1.488210025255479185e-02
1.443513133062590201e-02
1.400771183401117864e-02
1.359897468345251312e-02
1.320767792138493116e-02
1.283238218805864486e-02
1.247288149913763737e-02
1.212783735650647433e-02
1.179676955811737732e-02
1.147817201488762241e-02
1.117199487243883058e-02
1.087764704731073589e-02
1.059427090713202686e-02
1.032178661996699907e-02
1.005860648957374037e-02
9.805225515861663160e-03
9.560875450258550859e-03
9.325281011328399525e-03
9.097836539044902235e-03
8.878245179565893291e-03
8.666309473212122777e-03
8.461481722720282789e-03
8.263634424347458818e-03
8.072261901652569294e-03
7.887291438723771989e-03
7.708430213413431514e-03
7.535356096058095504e-03
7.367885962428708142e-03
7.205842842187488648e-03
7.048856749860717835e-03
6.896949678364365857e-03
6.749829631400989377e-03
6.607313208346425257e-03
6.469084477465415241e-03
6.335271508924877892e-03
6.205515570587048953e-03
6.079860075869880989e-03
5.957769485180123420e-03
5.839549373224164550e-03
5.724883679545726169e-03
5.613518038048825008e-03
5.505562009993828984e-03
5.400811085673073823e-03
5.299077657843811670e-03
5.200388609033053389e-03
5.104541790434655862e-03
5.011537468165581759e-03
4.921152026993916469e-03
4.833375399164981448e-03
4.748029278757729538e-03
4.665181830035552459e-03
4.584681082639313100e-03
4.506419383690597746e-03
4.430360364321438843e-03
4.356450569900491808e-03
4.284528933221316317e-03
4.214648988024105765e-03
4.146618398775133059e-03
4.080466932822054450e-03
4.016167947121544561e-03
3.953542771235627439e-03
3.892630411959698781e-03
3.833337554013233756e-03
3.775597357579950786e-03
3.719375724129960880e-03
3.664689652697121231e-03
3.611401270563045687e-03
3.559487908336965174e-03
3.508890265180579504e-03
3.459640116371114939e-03
3.411582744066178705e-03
3.364836560714204623e-03
3.319234758423249883e-03
3.274763278548372281e-03
3.231359060520529614e-03
3.189087206007149445e-03
3.147861310608117413e-03
3.107613190170385904e-03
3.068343183212539176e-03
3.030035396519015038e-03
2.992635313370256393e-03
2.956162144727237165e-03
2.920514291180387450e-03
2.885718567663455962e-03
2.851755748117519411e-03
2.818579185072340575e-03
2.786132049284828147e-03
2.754430860110660198e-03
2.723463295309310611e-03
2.693263135798452772e-03
2.663629004043911730e-03
2.634677596926592990e-03
2.606391310664046140e-03
2.578717844545779566e-03
2.551676818071142196e-03
2.525208588264047423e-03
2.499293431376120676e-03
2.473914967784804353e-03
2.449088065110525785e-03
2.424795308126598443e-03
2.400993330353227984e-03
2.377771566336725657e-03
2.354877504013167151e-03
2.332461216697221014e-03
2.310526090826150233e-03
2.289059076564101385e-03
2.267989362338500986e-03
2.247345800780077216e-03
2.227129031633716481e-03
2.207265677851433759e-03
2.187781797930632779e-03
2.168719664906380330e-03
2.149961131392771375e-03
2.131567555060166676e-03
2.113578085985475755e-03
2.095838631086419275e-03
2.078416841288619095e-03
2.061375079213808529e-03
2.044579489386563753e-03
2.028156444851486086e-03
2.011928375072851750e-03
1.995987854337419667e-03
1.980410374798351799e-03
1.965032898066542376e-03
1.949905046236007468e-03
1.935119607442446505e-03
1.920486031616787425e-03
1.906117378246464022e-03
1.892006095857550309e-03
1.878126500076715208e-03
1.864473538947703478e-03
1.850989281761698324e-03
1.837790103638686995e-03
1.824759380669840718e-03
1.811929850724079824e-03
1.799295106953003112e-03
1.786866772537311701e-03
1.774602531295621337e-03
1.762545639709238183e-03
1.750677739412339695e-03
1.738968605158491918e-03
1.727432740148476678e-03
1.716064589130042277e-03
1.704899302197618663e-03
1.693839313709632859e-03
1.683001324464365256e-03
1.672252235803983701e-03
1.661617471981761832e-03
1.651208310868602057e-03
1.640881040413525675e-03
1.630710362618907616e-03
1.620689259697690246e-03
1.610826214511998323e-03
1.601064979957314213e-03
1.591437777840257715e-03
1.581923179590126894e-03
1.572544331804932210e-03
1.563246598632233100e-03
1.554100489705765187e-03
1.545086297149387980e-03
1.536169711294403575e-03
1.527370903230523911e-03
1.518658988434617128e-03
1.510095862280986774e-03
1.501573120279186104e-03
1.493194912606827119e-03
1.484912229139759374e-03
1.476691328570231164e-03
1.468593749282077164e-03
1.460588309135276916e-03
1.452691284927304285e-03
1.444908652856709622e-03
1.437115863476736387e-03
1.429482208264831744e-03
1.421919080777604661e-03
1.414461286259263576e-03
1.407049312497275946e-03
1.399782720276972854e-03
1.392527221684872890e-03
1.385365948176120248e-03
1.378259904398124267e-03
1.371269417026755623e-03
1.364360597339996702e-03
1.357476953946128943e-03
1.350693236875407559e-03
1.344007602948783710e-03
1.337338466040143741e-03
1.330724981052577860e-03
1.324236069238529526e-03
1.317765107170238217e-03
1.311401268482955068e-03
1.305123679618031603e-03
1.298838941365095759e-03
1.292651081146573965e-03
1.286489996673205807e-03
1.280462404352453003e-03
1.274388047882906837e-03
1.268507379794081265e-03
1.262544913091661735e-03
1.256661084315653263e-03
1.250864961194210782e-03
1.245136042971716232e-03
1.239483846251697831e-03
1.233881720678051564e-03
1.228238216231911486e-03
1.222704778995425696e-03
1.217264887360036164e-03
1.211798949423876148e-03
1.206440446968392016e-03
1.201106868285323811e-03
1.195791326805224243e-03
1.190582961197477006e-03
1.185367183502693397e-03
1.180230659705287354e-03
1.175121486859029328e-03
1.170147625641178692e-03
1.165072798792757486e-03
1.160077491549195905e-03
1.155169339883427987e-03
1.150248507318159903e-03
1.145451607302926285e-03
1.140598161636889249e-03
1.135823355567832987e-03
1.131102512533650436e-03
1.126454745004391769e-03
1.121813571743648669e-03
1.117195018070639249e-03
1.112592070839364677e-03
1.108105317902118329e-03
1.103586068007671476e-03
1.099151968974545601e-03
1.094688680872207267e-03
1.090296954894287703e-03
1.085955889863967662e-03
1.081641165712832935e-03
1.077364338210184611e-03
1.073101328725818183e-03
1.068907709214712148e-03
1.064682298620433457e-03
1.060526527245110638e-03
1.056412646108461717e-03
1.052330925155366137e-03
1.048280065956555063e-03
1.044245489084210049e-03
1.040288649934663920e-03
1.036297668568133840e-03
1.032359977014890053e-03
1.028514135746174838e-03
1.024595118669767695e-03
1.020750746916747375e-03
1.016922005097253313e-03
1.013152481916767796e-03
1.009406281458563939e-03
1.005733456178874163e-03
1.001958958905730702e-03
9.982950303187082194e-04
9.946488250249351914e-04
9.910071623250610740e-04
9.874252172566979832e-04
9.838452232181363680e-04
9.803163571365245202e-04
9.767970973463924005e-04
9.732820081479397981e-04
9.698424146247816135e-04
9.664433558568745562e-04
9.629560411762975612e-04
9.596092288370012624e-04
9.562793133581352131e-04
9.528633715764748581e-04
9.495545422859362310e-04
9.462587777709371246e-04
9.430143488675837415e-04
9.397200103711936042e-04
9.365265516828703103e-04
9.333082137076925905e-04
9.301174498251940734e-04
9.269608616053201869e-04
9.238138260369928214e-04
9.208034223371795376e-04
9.176163304804325210e-04
9.145377260167280621e-04
9.114826403490050750e-04
9.084548035955660123e-04
9.054442228198366239e-04
9.024339742027211089e-04
8.994918211338219461e-04
8.965678360421322490e-04
8.936068083012036617e-04
8.906961631205155333e-04
8.878119777112413553e-04
8.849168291428157352e-04
8.821369801689752255e-04
8.792914285559639718e-04
8.764537437419259213e-04
8.736417844903506978e-04
8.708670993912502167e-04
8.680878197815783664e-04
8.654204478618030818e-04
8.626328323570774722e-04
8.600192260917453218e-04
8.572546761508116663e-04
8.545982528175348437e-04
8.519259746589380976e-04
8.493027136592167046e-04
8.466790437052929951e-04
8.440813313513586755e-04
8.415151935274849809e-04
8.389498982249400313e-04
8.364485568758380299e-04
8.339207907521099892e-04
8.313464705383627820e-04
8.288489627642479669e-04
8.263588979238336131e-04
8.239078331767643679e-04
8.214605644761067927e-04
8.190211900747160212e-04
8.165734344351453181e-04
8.141707867916296972e-04
8.118443620461617558e-04
8.094300524848671271e-04
8.070474003283574591e-04
8.047015545913937563e-04
8.024170387186314217e-04
8.001046405012307702e-04
7.977856675405783351e-04
7.955015915631025386e-04
7.932456040380998514e-04
7.909432473721606308e-04
7.887067950750748088e-04
7.864744805862293464e-04
7.842403783438480717e-04
7.820965825789412797e-04
7.798470065793945433e-04
7.776841556501020228e-04
7.755351753156499578e-04
7.734018130403840993e-04
7.712488632782781668e-04
7.691179984342862456e-04
7.670028672727084284e-04
7.648941376184261072e-04
7.628550058932662354e-04
7.607523536473857458e-04
7.586791222030988277e-04
7.566352076322741893e-04
7.546203630934778190e-04
7.525915231557975911e-04
7.506059562479843340e-04
7.485664007757853768e-04
7.466321647707663701e-04
7.446111721278812334e-04
7.426541414215642734e-04
7.407107062028269037e-04
7.387985099970286948e-04
7.368748475007970726e-04
7.349208981752204141e-04
7.330722811528607354e-04
7.311335300751587015e-04
7.292417516170728812e-04
7.274224178040911582e-04
7.255295068917294761e-04
7.236678573992955457e-04
7.218632947402524921e-04
7.200386306905069743e-04
7.182011421732488856e-04
7.163824038849875200e-04
7.146152288380490294e-04
7.127989292569861940e-04
7.110706178983555899e-04
7.092989273428709210e-04
7.075437673141166898e-04
7.057968447200568861e-04
7.040606542171963175e-04
7.023301347738847939e-04
7.006125387204553776e-04
6.989231933594487354e-04
6.972178133016239399e-04
6.955251940671555808e-04
6.938714575231415358e-04
6.921924962520745921e-04
6.905363271659601797e-04
6.888963428406197570e-04
6.872585640879138019e-04
6.856909117846345320e-04
6.839984325518455848e-04
6.824216924229509033e-04
6.808005486954837567e-04
6.792129877522029482e-04
6.776252507679719848e-04
6.760550251257500635e-04
6.745341518616035500e-04
6.729369811675937419e-04
6.714299991983184576e-04
6.698699429662350636e-04
6.683542344268038338e-04
6.668782747025897573e-04
6.653163250610926241e-04
6.638051472778914389e-04
6.623494583444641728e-04
6.608318452912135058e-04
6.593666499789214768e-04
6.579128058600564998e-04
6.564335113151544910e-04
6.549618228334179578e-04
6.535571890351331726e-04
6.520793013261260134e-04
6.506766766126543481e-04
6.492462229691612794e-04
6.478454193099488249e-04
6.464259233814672679e-04
6.450437301437298571e-04
6.436170574606859228e-04
6.422428003107428151e-04
6.408718371861280363e-04
6.394864780280648140e-04
6.381332348927772503e-04
6.367883772906995530e-04
6.354602397758024211e-04
6.340925628528258163e-04
6.327856795249997123e-04
6.314359756814293817e-04
6.301040392245424882e-04
6.288040766749788176e-04
6.275089954613911978e-04
6.262046874335905171e-04
6.249156103975389131e-04
6.236701670262543695e-04
6.224562191366907454e-04
6.210955141693953220e-04
6.198588410242984216e-04
6.186079442720363985e-04
6.173327583868301735e-04
6.160824285220434801e-04
6.148889540567728865e-04
6.136227816224417656e-04
6.124301095797565807e-04
6.111822497910752387e-04
6.099670612427583651e-04
6.088330517121503258e-04
6.076000278426543126e-04
6.064122903169117534e-04
6.052161616551776343e-04
6.040917328346971822e-04
6.028719992639251270e-04
6.016917912416270241e-04
6.005460498711332439e-04
5.993914562500712601e-04
5.982456727669797827e-04
5.970823358780019251e-04
5.959592625863263443e-04
5.948229834085228592e-04
5.937670608043153948e-04
5.925975003049226445e-04
5.914936062944584419e-04
5.903983529437898704e-04
5.893256828127917948e-04
5.881849538884818254e-04
5.870802505303961485e-04
5.859953486919494085e-04
5.849257986860869132e-04
5.838822200452758147e-04
5.828038629912988752e-04
5.817866194458803757e-04
5.807162957107179580e-04
5.796250837638989824e-04
5.785845181780558451e-04
5.775287326253264030e-04
5.764839068083339648e-04
5.754598856338107070e-04
5.744318815635965662e-04
5.734728860512755370e-04
5.724200829714207748e-04
5.713846256478585838e-04
5.704028188682828786e-04
5.693934282291756048e-04
5.683938648859573851e-04
5.674307145169343956e-04
5.664343553794728026e-04
5.654682805944950819e-04
5.644662217839514599e-04
5.635183782643124993e-04
5.625542513927274304e-04
5.615915241563136867e-04
5.606204059196931043e-04
5.597040027761825565e-04
5.587606789204123446e-04
5.577725720095595089e-04
5.569083378757013229e-04
5.559663411699319012e-04
5.549893491576764941e-04
5.540645085213780551e-04
5.532004391926772374e-04
5.522514029379851919e-04
5.513567256328113500e-04
5.504454597451153425e-04
5.495483350448352637e-04
5.486194462367183396e-04
5.477593586910815956e-04
5.468860170299722758e-04
5.459939343630008587e-04
5.451124817713757717e-04
5.442504099630223260e-04
5.433746754419595303e-04
5.424729629594208678e-04
5.416396681206006288e-04
5.407646197302114861e-04
5.399187715101594863e-04
5.390470321386160594e-04
5.382187179045628666e-04
5.373614652795703859e-04
5.365376159862774103e-04
5.357382533048387057e-04
5.348778276045341746e-04
5.340460586122570182e-04
5.332183084450724513e-04
5.324290655448435947e-04
5.315906571824567531e-04
5.307879068710404059e-04
5.299787413611462602e-04
5.291693967795045583e-04
5.283708936537966994e-04
5.276007436286522844e-04
5.268171037289512719e-04
5.260064320757813815e-04
5.252150280101716478e-04
5.244405660786034123e-04
5.236780979797651123e-04
5.229008236049874575e-04
5.221360962877203945e-04
5.213706039363788297e-04
5.205995973990169270e-04
5.198502032543935456e-04
5.191152436646558413e-04
5.183667421519894168e-04
5.175836090404929051e-04
5.168373895507888957e-04
5.161088797649606829e-04
5.153753971296893676e-04
5.146291846088367440e-04
5.139256337552005911e-04
5.131950727182884578e-04
5.124564411014351098e-04
5.117510878891954468e-04
5.110557880065641403e-04
5.102966852504846459e-04
5.096069325884230571e-04
5.089014579952543232e-04
5.081933256355058558e-04
5.074909904155011121e-04
5.067851146379940240e-04
5.061013554069257979e-04
5.054077538538489546e-04
5.047330027525784866e-04
5.040421276084052979e-04
5.033421765320718853e-04
5.026663955085530202e-04
5.020076714200463579e-04
5.013241777781535669e-04
5.006399887496580919e-04
4.999895370770158359e-04
4.993137711149061219e-04
4.986880583902527633e-04
4.980302893196706521e-04
4.973489651597150576e-04
4.967007440722570263e-04
4.960306341729884888e-04
4.954348944576200588e-04
4.948355362059957303e-04
4.941192058150670327e-04
4.934800050361487153e-04
4.928446320086685845e-04
4.922242946572201548e-04
4.915817592917423769e-04
4.909443475570291577e-04
4.903300786431369004e-04
4.897168643788112150e-04
4.891133603563776631e-04
4.884807163017897049e-04
4.878735240527697623e-04
4.872654956419616816e-04
4.866379504140568588e-04
4.860405241139188520e-04
4.854892755235338110e-04
4.848615322587722181e-04
4.842644593348768671e-04
4.836459556546668869e-04
4.830996519290410964e-04
4.824917079824865324e-04
4.818951470113232334e-04
4.813092688816087328e-04
4.807618933305925104e-04
4.801494992050760668e-04
4.795773598159038713e-04
4.790051115508459382e-04
4.784175915077962726e-04
4.778725010857279862e-04
4.773073741703964378e-04
4.767490068482792666e-04
4.761875421321372370e-04
4.755899639160024667e-04
4.750321198166832285e-04
4.744943384851341281e-04
4.740130182469980049e-04
4.733930735502669095e-04
4.728398813390943334e-04
4.723521270837871718e-04
4.717517913041686375e-04
4.712224030370895243e-04
4.707180243559104245e-04
4.701291025697797751e-04
4.695900747173145651e-04
4.690646116648730960e-04
4.685778584118456980e-04
4.680048368893772429e-04
4.675002846454671696e-04
4.669745014789699407e-04
4.664433935504238909e-04
4.659142039087432957e-04
4.654141677852987160e-04
4.649183900807811356e-04
4.644044635019887101e-04
4.638724756465903041e-04
4.633655667885989982e-04
4.628610273557373167e-04
4.623513903186725706e-04
4.618514929039747906e-04
4.613590721780771531e-04
4.608411020621636534e-04
4.603566928161366900e-04
4.598948176014215953e-04
4.593658335460248910e-04
4.588843178021626305e-04
4.583902619141810245e-04
4.579153271740036375e-04
4.574398071306585555e-04
4.569650923467359844e-04
4.564635069880329868e-04
4.559937470675059167e-04
4.554989959654487668e-04
4.550269183075814289e-04
4.545674882619655946e-04
4.541431280047643457e-04
4.536532320258139690e-04
4.531694174229571590e-04
4.527088080669897487e-04
4.522552855848318643e-04
4.517921981836274547e-04
4.513559638569860505e-04
4.508645105162548518e-04
4.503993795214604641e-04
4.499812744765875226e-04
4.495030511123728747e-04
4.490691977741135665e-04
4.486576031035483143e-04
4.481551827468748645e-04
4.477200152916800072e-04
4.472768461374462736e-04
4.468467895515145926e-04
4.463805559747234183e-04
4.459459924745897623e-04
4.455308440297536116e-04
4.451476041026794592e-04
4.446479995101723279e-04
4.442149054555035023e-04
4.438167294339811879e-04
4.434106582824625959e-04
4.429647282740125573e-04
4.425378213830182504e-04
4.421072515201065686e-04
4.416895272635885765e-04
4.412674377363380238e-04
4.408391983337183167e-04
4.404075445831214094e-04
4.400231779785411914e-04
4.395941064678902965e-04
4.391868044445063350e-04
4.387915918266890630e-04
4.383748081098854874e-04
4.379533888423009546e-04
4.375755735923949328e-04
4.371509676197628800e-04
4.367746542968907724e-04
4.363421554617373868e-04
4.360420069377827969e-04
4.355588478777292958e-04
4.351787492123112633e-04
4.348116458731824188e-04
4.343721557295755916e-04
4.339955460858913039e-04
4.336208440057091927e-04
4.332104639022203566e-04
4.328167495008897214e-04
4.324602363569610922e-04
4.320485415893230113e-04
4.317007227451983556e-04
4.312837925763904475e-04
4.309277769403529849e-04
4.305379201413971459e-04
4.301731048489332494e-04
4.298009039181232248e-04
4.294212071474291272e-04
4.290520186000619995e-04
4.287369342666789225e-04
4.283037208668339399e-04
4.279203768641779218e-04
4.275958288757240942e-04
4.272054535446099090e-04
4.268681433023344693e-04
4.264798637404432170e-04
4.261098516039953121e-04
4.257526853211465647e-04
4.253980654992110442e-04
4.250686259284501469e-04
4.246730505378745356e-04
4.243229655349928676e-04
4.239752689594555564e-04
4.236550478780609402e-04
4.232731738056209349e-04
4.229508106267113260e-04
4.225937086205645409e-04
4.222416111217689783e-04
4.218892850017392756e-04
4.215303490581637593e-04
4.212035713204306201e-04
4.208402208873734040e-04
4.205703218365073616e-04
4.201691094863127789e-04
4.198456562313111697e-04
4.195106498592782065e-04
4.191728935123795814e-04
4.188313456571409192e-04
4.184928140077556410e-04
4.181581270192253957e-04
4.178351261211749458e-04
4.174975971436036253e-04
4.171892529537776003e-04
4.168568840379557492e-04
4.165093946755934421e-04
4.162197904247798893e-04
4.158851570358166488e-04
4.155549477248831627e-04
4.152221462743624445e-04
4.149128701527695284e-04
4.146253263234428313e-04
4.142638605067997144e-04
4.139604321929441400e-04
4.136251715074980208e-04
4.133556719318225896e-04
4.130407836936457748e-04
4.126976189483763397e-04
4.124097401367380050e-04
4.120877848249361597e-04
4.117766623628406103e-04
4.114483216524691131e-04
4.111563545013428638e-04
4.108451910353125834e-04
4.105346192347029532e-04
4.102258551234230907e-04
4.099324986974538882e-04
4.096309481210418752e-04
4.093325464449884240e-04
4.090500719101130590e-04
4.087240133838485122e-04
4.084321573090423881e-04
4.081483175343990528e-04
4.078757964473970002e-04
4.075345927817931933e-04
4.072457872191072650e-04
4.069776377340170604e-04
4.066661039796362338e-04
4.063832383626320025e-04
4.061069807409788709e-04
4.057957970145761092e-04
4.055339183493305221e-04
4.052326550134433859e-04
4.049376276403065513e-04
4.046657500992944883e-04
4.043630563656993573e-04
4.040832890435198726e-04
4.038197531405480589e-04
4.035491031142088032e-04
4.032488367975249209e-04
4.029645415799313593e-04
4.026976584182032429e-04
4.024264734411763444e-04
4.021632442345160529e-04
4.018585136032281984e-04
4.016018819400503067e-04
4.013544915878918462e-04
4.010818890178698094e-04
4.007754384464186272e-04
4.005178215123159384e-04
4.002428086447411553e-04
3.999625713227669449e-04
3.996880617405730346e-04
3.994282683605853931e-04
3.992301859385121300e-04
3.988937808212273273e-04
3.986435334359085753e-04
3.983944033333198078e-04
3.981158412228786203e-04
3.978779735565771917e-04
3.975814808244033374e-04
3.973290976950973768e-04
3.970724961424313879e-04
3.968000848197413412e-04
3.965497505945767822e-04
3.962979470141916112e-04
3.960664656697870586e-04
3.957890069707980314e-04
3.955704090684063006e-04
3.953162834377543268e-04
3.950320647551258712e-04
3.947801287408868320e-04
3.945242603410011907e-04
3.943047235816470714e-04
3.940515438210499041e-04
3.937714514878659275e-04
3.935907229908698407e-04
3.932920341900697763e-04
3.930306598993399208e-04
3.927912897606348390e-04
3.925394879520755723e-04
3.923186105164161290e-04
3.920501731432362007e-04
3.918292195474017484e-04
3.915923021767824712e-04
3.913478456972823371e-04
3.910847666822107578e-04
3.908829079534620375e-04
3.906388431889928664e-04
3.904236903261851981e-04
3.901342129554727432e-04
3.899051167543626491e-04
3.896686496863637590e-04
3.894667497398157370e-04
3.892199830521380667e-04
3.889798683925024553e-04
3.887423144334410620e-04
3.885038467016866314e-04
3.883081714323453936e-04
3.880874171488361032e-04
3.878236195824585572e-04
3.875958697522027862e-04
3.873494828553191447e-04
3.871513729547443111e-04
3.869232559410193091e-04
3.866798868674245666e-04
3.864606856787724241e-04
3.862473884518116685e-04
3.860084067719725181e-04
3.858359283290339870e-04
3.855991694983960916e-04
3.853635015048866670e-04
3.851397932679470983e-04
3.849235559325402513e-04
3.846984957227001889e-04
3.844732783151210884e-04
3.842398480138903695e-04
3.840609749715591403e-04
3.838450782614245306e-04
3.835906600818290990e-04
3.834072407161212407e-04
3.831711220873326154e-04
3.829536308679616077e-04
3.827340695033633225e-04
3.825481217958860637e-04
3.823367358350115140e-04
3.821353227945421534e-04
3.818989092511844170e-04
3.817246165772441831e-04
3.814617687375936950e-04
3.812871906060679404e-04
3.810598063585847201e-04
3.808559259907331324e-04
3.806516057033866151e-04
3.804573962279710129e-04
3.802631365097839332e-04
3.800352729920362330e-04
3.798097269110560286e-04
3.796468235824239693e-04
3.794113368447209699e-04
3.792299714296038285e-04
3.790060241628614730e-04
3.788070946271795665e-04
3.786040116204470590e-04
3.784070356947798522e-04
3.782474595236112866e-04
3.780261785124184454e-04
3.777979130571133977e-04
3.776413713599546806e-04
3.774097320812637652e-04
3.772113453722751217e-04
3.770467683888955018e-04
3.768479242513172230e-04
3.766201052940137788e-04
3.764570523236571435e-04
3.762264162753080734e-04
3.760383583575684259e-04
3.758578823503562483e-04
3.756589482688354846e-04
3.754907285873250455e-04
3.752681915036922976e-04
3.750759332001777193e-04
3.748962381204483775e-04
3.747059010173223008e-04
3.745055477475656407e-04
3.743247216536584238e-04
3.741521950880546976e-04
3.739540313808566987e-04
3.737612845901719730e-04
3.736169342578660657e-04
3.733896445893149338e-04
3.732099728872400593e-04
3.730806684568649194e-04
3.728427309185634864e-04
3.726832996404958018e-04
3.724755104325245224e-04
3.723009864178578195e-04
3.721393353465815134e-04
3.720383826924180022e-04
3.717533509703182951e-04
3.716062639433166041e-04
3.713989911751228775e-04
3.712145325445937913e-04
3.710292190790437394e-04
3.708617659453487033e-04
3.706793566285498313e-04
3.705052644292861162e-04
3.703343614346164435e-04
3.701552095000661081e-04
3.699798908972219778e-04
3.698098223802943115e-04
3.696199506274249901e-04
3.694563000363020587e-04
3.692925513143666778e-04
3.691074336931311328e-04
3.689404692462483590e-04
3.687993307282376606e-04
3.685768513989384006e-04
3.684322242435199919e-04
3.682386238193132702e-04
3.681362655952480790e-04
3.679142970466889513e-04
3.677435620884325672e-04
3.675684966623516282e-04
3.674021935034306897e-04
3.672285106806406126e-04
3.670614223347271553e-04
3.669010538815840796e-04
3.667261867174316081e-04
3.665620062998751908e-04
3.663869060309597964e-04
3.662365663609715031e-04
3.660671321054056928e-04
3.659551972592025725e-04
3.657700379682141470e-04
3.655948573720175219e-04
3.654122722014141499e-04
3.652536278782348724e-04
3.651468368346203744e-04
3.649504852124819086e-04
3.647632573798072902e-04
3.646185475010568994e-04
3.644557443698946274e-04
3.642939935043615872e-04
3.641636973655122634e-04
3.639684308354329718e-04
3.638233760486760744e-04
3.636471427522748818e-04
3.635063780297159686e-04
3.633526942221301402e-04
3.631899114773603121e-04
3.630306376743588177e-04
3.629108723214001520e-04
3.627324092884436275e-04
3.625962751374004617e-04
3.623930385540694672e-04
3.622739262938189705e-04
3.621325118607526036e-04
3.619539090309686446e-04
3.617856680368268041e-04
3.616400586919373103e-04
3.614779096705529908e-04
3.613573213498003697e-04
3.611786477799921666e-04
3.610387726591136057e-04
3.608981043085187040e-04
3.607229692095121872e-04
3.606168045464399046e-04
3.604474939490945307e-04
3.602851157015495888e-04
3.601485544093502647e-04
3.599899177839584359e-04
3.598487305464257769e-04
3.597046387648854650e-04
3.595652486876031208e-04
3.593965436258478416e-04
3.592780981024842370e-04
3.591375088490552725e-04
3.589551349890537837e-04
3.588335115409172892e-04
3.586681383682319407e-04
3.585481828287033859e-04
3.583928628020352416e-04
3.582353332918276098e-04
3.580929604598928379e-04
3.579492137871002032e-04
3.578308974402811139e-04
3.576633637148331343e-04
3.575499669012516387e-04
3.573844644632153712e-04
3.572572993567117131e-04
3.571229899663164696e-04
3.569670268201282303e-04
3.568270002837626957e-04
3.567268965025216054e-04
3.565483758485502963e-04
3.564394963535816156e-04
3.562658901291873505e-04
3.561361044120061746e-04
3.560040525435590646e-04
3.558656077243481353e-04
3.557070224946107489e-04
3.556035913909881183e-04
3.554590269389834600e-04
3.553354012289869639e-04
3.551805808824760966e-04
3.550336211658236259e-04
3.549091163426225880e-04
3.547683956748348450e-04
3.546676673180184139e-04
3.545090167982636572e-04
3.543784802118880774e-04
3.542579945833525452e-04
3.541178517425369447e-04
3.539723567517010210e-04
3.538930243284094395e-04
3.537144395978758776e-04
3.535801402228502983e-04
3.534984968370039884e-04
3.533274588312229213e-04
3.531731295576362407e-04
3.530578355139272952e-04
3.529237889206735218e-04
3.528041873264870778e-04
3.527022711237669771e-04
3.525756137919537777e-04
3.524118024616227697e-04
3.522770239552806457e-04
3.521769949769474554e-04
3.520243356920762850e-04
3.519182911651457055e-04
3.517949379626423428e-04
3.516732088816913412e-04
3.515103912905377594e-04
3.513916689923634565e-04
3.512551676606282978e-04
3.511311223396966106e-04
3.510264602952018528e-04
3.508915865038238994e-04
3.507934210215235939e-04
3.506429683539346036e-04
3.505122386085407840e-04
3.504198029966899548e-04
3.502783993996617094e-04
3.501500600420875400e-04
3.500335734310069166e-04
3.499314839793663976e-04
3.497791885187112614e-04
3.496600384631156776e-04
3.495451516098505300e-04
3.494426862890828473e-04
3.493112086168303435e-04
3.492006621610630997e-04
3.490558185000049401e-04
3.489436920478874169e-04
3.488150357205440223e-04
3.487048662658254303e-04
3.485980666414948250e-04
3.484569257629225106e-04
3.483522847084383721e-04
3.482394732808350660e-04
3.481077535038220607e-04
3.479866062964321119e-04
3.478666827504579015e-04
3.478144968557480600e-04
3.476582226210844740e-04
3.475583900010001176e-04
3.474053475534135782e-04
3.473027722666191595e-04
3.471703545922935142e-04
3.470660790562388100e-04
3.469632045046199898e-04
3.468286357361700131e-04
3.467129792587662494e-04
3.465918486926929348e-04
3.465320042754417443e-04
3.463994084090543527e-04
3.462812469229555935e-04
3.461595350060211107e-04
3.460378389170769677e-04
3.459541226997323070e-04
3.458157444404406293e-04
3.457119119951446704e-04
3.455932821125762971e-04
3.454829585315270291e-04
3.453768843380720585e-04
3.452454948492601934e-04
3.451667557249284320e-04
3.450211535696676591e-04
3.449226467842250298e-04
3.448205156702591201e-04
3.447048809877410226e-04
3.445964846462863922e-04
3.444890547277819999e-04
3.443808449939121685e-04
3.443032680837749193e-04
3.441763870035356829e-04
3.440461456957886370e-04
3.439518861294226610e-04
3.438594462959551233e-04
3.437233915609737918e-04
3.436320694689856507e-04
3.435257456196251936e-04
3.434480229423694624e-04
3.433187412109039690e-04
3.432029878602603067e-04
3.430921541600618057e-04
3.430097128573525965e-04
3.428793398762688743e-04
3.427624425445596279e-04
3.426948123652985068e-04
3.425576463738080543e-04
3.424838788931909529e-04
3.423816748346563636e-04
3.422731203825433782e-04
3.421524276945586696e-04
3.420552062005288371e-04
3.419441717329887824e-04
3.418403158583154075e-04
3.417297725194604367e-04
3.416651468500426538e-04
3.415370129018716213e-04
3.414253545889885067e-04
3.413453131728573899e-04
3.412435101032252564e-04
3.411378711811651138e-04
3.410447330085906027e-04
3.409413131939870623e-04
3.408480663105489979e-04
3.407321253945301033e-04
3.406417008925139290e-04
3.405270517963228469e-04
3.404233855773191133e-04
3.403277148447458661e-04
3.402618610640124235e-04
3.401225927243095148e-04
3.400419330552085823e-04
3.399390698571502149e-04
3.398423806998408228e-04
3.397321960925274486e-04
3.396332544777277279e-04
3.395368931124033516e-04
3.394525365427377176e-04
3.393248949578973471e-04
3.392589309538042767e-04
3.391700548007344461e-04
3.390496893815033927e-04
3.389589960002801789e-04
3.388790090930952469e-04
3.387556799751547873e-04
3.386524941898568929e-04
3.385695673016275936e-04
3.384605529550054688e-04
3.383948842132000539e-04
3.382861073930853437e-04
3.381809882329170390e-04
3.380905962954362429e-04
3.380131969184893993e-04
3.378979667300097177e-04
3.378504143282092193e-04
3.377227492329060122e-04
3.376375345391021700e-04
3.375266012508870705e-04
3.374570783347466667e-04
3.373449229551236245e-04
3.372684363840654904e-04
3.371669230067473851e-04
3.370580092085515077e-04
3.369647227112668435e-04
3.368703216853114368e-04
3.368058517940666213e-04
3.367274397700090269e-04
3.366112673508850350e-04
3.365088702395785977e-04
3.364578676959395888e-04
3.363445924246060933e-04
3.362364269062900063e-04
3.361588495825448613e-04
3.360536185600990319e-04
3.359726983107788590e-04
3.358984195385316838e-04
3.357888606996753270e-04
3.357037726756484201e-04
3.356219760964304936e-04
3.355131934591060595e-04
3.354244700227934921e-04
3.353421560383147313e-04
3.352524378361218722e-04
3.351883868004326564e-04
3.350960451353400234e-04
3.350064436196259487e-04
3.349053518375184088e-04
3.348053838366274980e-04
3.347376391148979306e-04
3.346414318284543390e-04
3.345767285226198921e-04
3.344661758508331957e-04
3.343832398366638212e-04
3.343053789097097796e-04
3.342452620136758339e-04
3.341259922697223926e-04
3.340344209641635731e-04
3.339596451738184959e-04
3.338750825664279489e-04
3.337878603224004996e-04
3.337093307696670404e-04
3.336053297122989147e-04
3.335215637347689697e-04
3.334727566747803097e-04
3.333605521937505162e-04
3.332662335352503053e-04
3.332267693868383083e-04
3.331247314006930663e-04
3.330132847555645104e-04
3.329373511563299805e-04
3.328753877641678349e-04
3.327706421839016779e-04
3.326966734659708713e-04
3.326444094909498245e-04
3.325339516016690279e-04
3.324567549665123373e-04
3.323788364027781815e-04
3.322734713236009788e-04
3.321970467604837274e-04
3.321178941341274612e-04
3.320348046877706670e-04
3.319578728532123087e-04
3.318723595227992098e-04
3.317940003228895033e-04
3.317283304158059822e-04
3.316372932777282979e-04
3.315496890933680805e-04
3.315143555310905545e-04
3.313875257861990747e-04
3.313007544383681988e-04
3.312197867067094353e-04
3.311833742884309545e-04
3.311015348171614638e-04
3.309953372003042980e-04
3.309124160510824126e-04
3.309097786029891559e-04
3.307725818905221595e-04
3.307289162788688819e-04
3.305961470682407277e-04
3.305208252711351212e-04
3.304382449332110387e-04
3.303574661396379924e-04
3.302738343035975218e-04
3.301954976932893913e-04
3.301174935745350815e-04
3.300595477296737424e-04
3.299654133184280833e-04
3.298959116079301732e-04
3.298711898033558935e-04
3.297530305511481036e-04
3.296531903878625490e-04
3.295900167994040382e-04
3.295124409990990671e-04
3.294257087954209542e-04
3.293563698550287062e-04
3.293106595103305464e-04
3.292220834620303641e-04
3.291381480060330805e-04
3.290466060575545043e-04
3.289824010989487752e-04
3.289174718398657580e-04
3.288551181555121432e-04
3.287569396200592034e-04
3.286991660585783515e-04
3.285993018892811000e-04
3.285621676413491153e-04
3.284735018423600643e-04
3.283889370044524225e-04
3.282994872571968255e-04
3.282266373469143244e-04
3.281734259006430579e-04
3.280909219581619528e-04
3.280378171140591308e-04
3.279372156232604452e-04
3.278602227071331933e-04
3.278001046772501567e-04
3.277147273899313823e-04
3.276585797909496657e-04
3.276180671132082806e-04
3.275148448097744318e-04
3.274396686327381593e-04
3.273790695336707972e-04
3.272749415643631636e-04
3.272141040518136484e-04
3.271471819674223215e-04
3.270609183535840990e-04
3.270289914295307441e-04
3.269849762162985521e-04
3.268979630151906332e-04
3.267979854018025635e-04
3.266991812300517554e-04
3.266590929076854826e-04
3.265655334052488049e-04
3.264917604555470998e-04
3.264366310602439809e-04
3.263680002109939316e-04
3.263046134108381000e-04
3.262094923382812483e-04
3.261769739582149837e-04
3.260945203509335371e-04
3.260045550905962277e-04
3.259493196816811030e-04
3.258941366899055633e-04
3.257975121749007554e-04
3.257594287628259801e-04
3.256891826374309950e-04
3.255925868704918555e-04
3.255348279932977220e-04
3.254765477067489855e-04
3.253829016757167668e-04
3.253478957742358480e-04
3.252426134986993256e-04
3.251854475924636058e-04
3.251735897127221208e-04
3.250452468911622342e-04
3.249718662401744965e-04
3.249420145812885355e-04
3.248504958907829266e-04
3.247694110181325406e-04
3.247128308358166533e-04
3.246541991940838745e-04
3.245918286436181828e-04
3.245196605324856967e-04
3.244323746018286554e-04
3.243786880176525653e-04
3.243084959155555680e-04
3.242755376391516313e-04
3.241798556567365599e-04
3.241239293357306038e-04
3.240424732117331164e-04
3.239994290471565801e-04
3.239277572653496604e-04
3.238672935733475245e-04
3.237886934737204347e-04
3.237114308581523427e-04
3.236625231354902819e-04
3.236108551522152077e-04
3.235392683498371095e-04
3.234766035326739285e-04
3.234282562128969890e-04
3.233406372291213349e-04
3.232569325623291267e-04
3.232008712545174204e-04
3.231473843801878094e-04
3.230894822180204341e-04
3.230408090360299255e-04
3.229534623478292482e-04
3.229039978383473042e-04
3.228235982951374681e-04
3.227471699448493901e-04
3.226911358666051887e-04
3.226310044276802630e-04
3.225529892489515109e-04
3.225206367290178950e-04
3.224844623455221625e-04
3.223873721443965587e-04
3.223491018707165469e-04
3.222920053517808235e-04
3.221901960098686856e-04
3.221432409061083168e-04
3.220720524367694064e-04
3.220150068743407091e-04
3.219358498119437154e-04
3.218775258849741663e-04
3.218228850279585625e-04
3.217813684909652137e-04
3.216994044285685942e-04
3.216323865769465332e-04
3.216070663105499456e-04
3.214989521236629290e-04
3.214566984637308835e-04
3.213975917668413255e-04
3.213578862027934740e-04
3.212788671087525127e-04
3.212152607051060697e-04
3.211563813575969359e-04
3.210935649271831008e-04
3.210395145542781063e-04
3.209597840393656589e-04
3.209344667904111617e-04
3.208634045918598056e-04
3.208284775195150850e-04
3.207224171407310385e-04
3.206667858985507141e-04
3.206051305844746682e-04
3.205757844190615250e-04
3.204772336010878564e-04
3.204636094917914530e-04
3.203778360965957653e-04
3.203105643807487610e-04
3.202598579117542084e-04
3.201910928190993010e-04
3.201325542016225179e-04
3.200850588721151457e-04
3.200381153836994765e-04
3.199509915969959181e-04
3.199002721323498271e-04
3.198443422281186288e-04
3.198093878933063968e-04
3.197089419706328792e-04
3.196714009003734413e-04
3.196040712633547260e-04
3.195620133131953414e-04
3.194863993874684743e-04
3.194479406900725422e-04
3.193745882463414846e-04
3.193316008676319725e-04
3.192739660895210622e-04
3.192015560940470809e-04
3.191557831798430838e-04
3.190780755752378912e-04
3.190480849384114462e-04
3.189736376821793694e-04
3.189156684832792753e-04
3.188623377287400995e-04
3.188057877992999918e-04
3.187535375022905763e-04
3.186875001873494453e-04
3.186621319273151478e-04
3.185806236068004240e-04
3.185409564157526624e-04
3.184816724680116298e-04
3.184385535947303761e-04
3.183547220487211284e-04
3.182911334335065457e-04
3.182438230848132600e-04
3.181912623786539631e-04
3.181291991458502040e-04
3.181091475310382347e-04
3.180388527065132346e-04
3.179764727517153580e-04
3.179179940584074462e-04
3.178617974014618752e-04
3.178383418404464407e-04
3.177887294754254324e-04
3.176973462544692471e-04
3.176439742010755442e-04
3.175924236765500109e-04
3.175644261321402596e-04
3.174863801490274530e-04
3.174446436801937324e-04
3.173746574700386856e-04
3.173227373710003408e-04
3.172634408865555367e-04
3.172113174575258389e-04
3.171737506214136791e-04
3.171321464791538106e-04
3.170465095236526805e-04
3.170076955757566701e-04
3.169667787981316300e-04
3.168966499578139114e-04
3.168294277153897156e-04
3.167800584789599687e-04
3.167382784432406888e-04
3.166976302247585633e-04
3.166579110966650460e-04
3.165718810819255469e-04
3.165301884285602781e-04
3.164687625095624146e-04
3.164337186773602691e-04
3.163541347493557983e-04
3.163093044802839458e-04
3.162608883815880311e-04
3.162059627251195262e-04
3.161753189766701379e-04
3.161121702257230150e-04
3.160464212881126337e-04
3.160069159430019693e-04
3.159389834472252226e-04
3.159147298074710050e-04
3.158424809477426124e-04
3.157858714420233733e-04
3.157458026559773617e-04
3.156912338799373863e-04
3.157204657988081273e-04
3.155938789846748937e-04
3.155727182497077227e-04
3.155447088384304567e-04
3.155280338725018410e-04
3.155018502124590164e-04
3.154669016749550559e-04
3.154477166584122513e-04
3.154105988561056728e-04
3.153826012505727230e-04
3.153610566495269798e-04
3.153330056155293068e-04
3.153089924684947948e-04
3.152903056487846821e-04
3.152603470904115205e-04
3.152323787956044007e-04
3.152016767762143680e-04
3.151916884817484847e-04
3.151605022448649850e-04
3.151363672988818877e-04
3.151296936278152709e-04
3.150789524265024599e-04
3.150572282771114496e-04
3.150443290753249335e-04
3.150214592711648998e-04
3.149766306288899432e-04
3.149523049230589867e-04
3.149323502181720891e-04
3.149034461336904325e-04
3.148790903702324614e-04
3.148544905028054642e-04
3.148313469034215244e-04
3.148210635715012126e-04
3.147854269226101542e-04
3.147612621614418512e-04
3.147291833909879712e-04
3.147134689614597197e-04
3.146826834584552971e-04
3.146683778140388875e-04
3.146469520441582670e-04
3.146109773798207382e-04
3.145818289710423390e-04
3.145736515153274853e-04
3.145425809381092075e-04
3.145021733285063110e-04
3.144833208805762376e-04
3.144751113473957544e-04
3.144457214733081276e-04
3.144096439360004195e-04
3.143932031399685476e-04
3.143625514434461869e-04
3.143537941402529240e-04
3.143159590059273114e-04
3.142875042710474532e-04
3.142698541767386679e-04
3.142433794057965680e-04
3.142160902584959642e-04
3.141927391999965453e-04
3.141726847861333835e-04
3.141614312917590099e-04
3.141337946552755786e-04
3.140906595853012497e-04
3.140636957696798311e-04
3.140516311662653356e-04
3.140255426265159888e-04
3.139965516026380033e-04
3.139742531728846879e-04
3.139448411458826841e-04
3.139237731040756267e-04
3.138991595587986528e-04
3.138700017213575961e-04
3.138509894437980109e-04
3.138386288278745230e-04
3.138118828924917492e-04
3.137748362667928015e-04
3.137566295127851030e-04
3.137343016039418828e-04
3.137044044973402355e-04
3.136914901321916169e-04
3.136573924355306412e-04
3.136570599427662004e-04
3.136141188339973667e-04
3.135888257159115053e-04
3.136018520856967548e-04
3.135463272612975388e-04
3.135256922627018515e-04
3.135168759951197700e-04
3.135055479338023899e-04
3.134988376515150449e-04
3.134779604948898348e-04
3.134681370106330513e-04
3.134570873878723333e-04
3.134594955251038414e-04
3.134305891035989774e-04
3.134266847477170282e-04
3.134224724384710435e-04
3.134164265678951108e-04
3.134083927079655846e-04
3.134011390212655180e-04
3.133973600330889351e-04
3.133915267337253709e-04
3.133821495512700925e-04
3.133794393381569149e-04
3.133716429529884357e-04
3.133650468940073056e-04
3.133608233471938580e-04
3.133526497206596292e-04
3.133499137385272631e-04
3.133433611246947076e-04
3.133364346814765194e-04
3.133285480397909363e-04
3.133233773854990530e-04
3.133200268364501784e-04
3.133119515784239502e-04
3.133088433855362571e-04
3.132995339956675188e-04
3.132950773325877090e-04
3.132931985392225756e-04
3.132826983857977740e-04
3.132760784179410051e-04
3.132746243921134214e-04
3.132636647551939103e-04
3.132590066091939631e-04
3.132520212709350750e-04
3.132463460535295165e-04
3.132444273660922878e-04
3.132336056540300758e-04
3.132304503789951739e-04
3.132242654283062550e-04
3.132176448575847228e-04
3.132110247162126176e-04
3.132049732449901651e-04
3.131992800115995269e-04
3.131938188097237673e-04
3.131905158730441808e-04
3.131833810093351115e-04
3.131755609830563498e-04
3.131716722132966372e-04
3.131663439471586534e-04
3.131608018153730932e-04
3.131532729153077457e-04
3.131473078443660490e-04
3.131424856267019151e-04
3.131358625434394805e-04
3.131335025350698710e-04
3.131222715891247128e-04
3.131155477055875213e-04
3.131117096644051262e-04
3.131059470392716479e-04
3.130992950968854638e-04
3.130960601331931421e-04
3.130897269184984956e-04
3.130813389676531471e-04
3.130764477922829314e-04
3.130707428669175394e-04
3.130718662651858298e-04
3.130578527155201507e-04
3.130550717639817102e-04
3.130534044222831372e-04
3.130494605107800939e-04
3.130479565260213667e-04
3.130447810172841644e-04
3.130402937159474492e-04
3.130367649635307139e-04
3.130353168041723872e-04
3.130310358389476054e-04
3.130287492956987014e-04
3.130263850631786571e-04
3.130225274406263163e-04
3.130224982317695746e-04
3.130162521503003135e-04
3.130134683211379526e-04
3.130108147222378755e-04
3.130079233748525114e-04
3.130049128794850852e-04
3.130016883617045857e-04
3.129993489616714653e-04
3.129964965403606502e-04
3.129939405684810274e-04
3.129903073410199538e-04
3.129888409997376160e-04
3.129848885458303212e-04
3.129813294161974896e-04
3.129779425242401689e-04
3.129754820748119858e-04
3.129722414365363023e-04
3.129714949324408925e-04
3.129684883959776343e-04
3.129639408809515243e-04
3.129627926972890109e-04
3.129588218525759108e-04
3.129558461868569273e-04
3.129523265199135595e-04
3.129488619319930232e-04
3.129469251422606867e-04
3.129448292828687249e-04
3.129417878199716513e-04
3.129374497751040451e-04
3.129341056339697883e-04
3.129323833481620571e-04
3.129287934389980122e-04
3.129263040056258407e-04
3.129253084271827498e-04
3.129208458380728199e-04
3.129166528480259619e-04
3.129155489611360787e-04
3.129121312895591280e-04
3.129081307307513991e-04
3.129081676297935433e-04
3.129026086452866163e-04
3.129010424775810007e-04
3.128999573988688432e-04
3.128984438049392893e-04
3.128966003945469121e-04
3.128950853938512158e-04
3.128938199742027008e-04
3.128931246569532313e-04
3.128920198833596059e-04
3.128892152297747093e-04
3.128881106938825982e-04
3.128865975366683784e-04
3.128856190948616899e-04
3.128843667210205563e-04
3.128831404445014258e-04
3.128810497632032576e-04
3.128795553637185112e-04
3.128784618964287065e-04
3.128760501182011652e-04
3.128745361126422219e-04
3.128738086367866249e-04
3.128730626803582701e-04
3.128709420792537233e-04
3.128687234821259881e-04
3.128678375185447351e-04
3.128659116078706323e-04
3.128642965892612258e-04
3.128642792371145965e-04
3.128613320285594844e-04
3.128610865214276077e-04
3.128583699751028057e-04
3.128573004561056772e-04
3.128555561779969535e-04
3.128542461977143929e-04
3.128538227023395569e-04
3.128518885052429077e-04
3.128505127099558050e-04
3.128485407024253354e-04
3.128478728250743638e-04
3.128458660676328293e-04
3.128437619577344696e-04
3.128432459027732817e-04
3.128418932973728219e-04
3.128398301653314206e-04
3.128387389336721334e-04
3.128375679343851760e-04
3.128350666235071896e-04
3.128342001146223084e-04
3.128319881611704169e-04
3.128308590300947771e-04
3.128291371788810300e-04
3.128284476805987219e-04
3.128267673812470235e-04
3.128253930735863490e-04
3.128241661004721474e-04
3.128226466388088316e-04
3.128208940023064323e-04
3.128192970481969543e-04
3.128179521928368500e-04
3.128169563638314929e-04
3.128146636564838978e-04
3.128147245517872918e-04
3.128118915470100162e-04
3.128119732962988866e-04
3.128104863614449417e-04
3.128100694160781460e-04
3.128100316986106503e-04
3.128096453503106727e-04
3.128089584132805190e-04
3.128086960437593362e-04
3.128082747832027877e-04
3.128079650908376108e-04
3.128075805532161391e-04
3.128072121031568852e-04
3.128068602258547411e-04
3.128064405105556041e-04
3.128063699321042635e-04
3.128056598937783853e-04
3.128053339018844786e-04
3.128050992404743835e-04
3.128046405640993446e-04
3.128043268423196161e-04
3.128039682560682664e-04
3.128034488234940564e-04
3.128033702597246882e-04
3.128027922140422419e-04
3.128024830903483144e-04
3.128020568546730331e-04
3.128017917639539089e-04
3.128013111422925157e-04
3.128012656101680582e-04
3.128005669156463313e-04
3.128005786090116286e-04
3.127999802355302221e-04
3.127997230008195306e-04
3.127995946943097454e-04
3.127994502400995415e-04
3.127992356835245609e-04
3.127990082056221607e-04
3.127988659060040541e-04
3.127985842807117401e-04
3.127984953434892446e-04
3.127982732730854036e-04
3.127981023451084446e-04
3.127979663301732900e-04
3.127978122988680013e-04
3.127976767124202246e-04
3.127974774444865279e-04
3.127971843335776111e-04
3.127969648643026635e-04
3.127968460059057975e-04
3.127966243507167483e-04
3.127965541209747503e-04
3.127963851341294000e-04
3.127961411551741970e-04
3.127959295023510539e-04
3.127960201526874665e-04
3.127955545258726921e-04
3.127954546229302739e-04
3.127953598294215109e-04
3.127952611816675371e-04
3.127951523187109104e-04
3.127951041633712228e-04
3.127950046059195304e-04
3.127949337956508033e-04
3.127948069932166906e-04
3.127947656212642772e-04
3.127946149060991570e-04
3.127946304726001532e-04
3.127944538115427341e-04
3.127944353094339264e-04
3.127943486162937381e-04
3.127943027203898530e-04
3.127942568310074440e-04
3.127942316784616534e-04
3.127941682760276886e-04
3.127941453333982300e-04
3.127940858705555941e-04
3.127940274056625653e-04
3.127939817785985893e-04
3.127939527163986770e-04
3.127938965738549923e-04
3.127938845557592181e-04
3.127938234717447439e-04
3.127937569478136861e-04
3.127937182603738242e-04
3.127936812367423762e-04
3.127936253630249938e-04
3.127935700498569397e-04
3.127935621004815153e-04
3.127935191423193684e-04
3.127934453319580624e-04
3.127934091979834522e-04
3.127933595975522681e-04
3.127933217421340864e-04
3.127932685526251910e-04
3.127932140770792635e-04
3.127931954550765606e-04
3.127931140709382541e-04
3.127931049299004468e-04
3.127930903998382348e-04
3.127930000888041388e-04
3.127929461634942291e-04
3.127928974302016541e-04
3.127928515136250151e-04
3.127928134699778980e-04
3.127927681781646294e-04
3.127927057263289886e-04
3.127926856396812572e-04
3.127926263595743380e-04
3.127926082544805250e-04
3.127925295545571022e-04
3.127925033087556716e-04
3.127924491654991701e-04
3.127924282205644729e-04
3.127923427079370034e-04
3.127923243738210939e-04
3.127922661111859261e-04
3.127922173277328461e-04
3.127921909950379239e-04
3.127921463861365529e-04
3.127920899306691361e-04
3.127920533025562669e-04
3.127920160864601225e-04
3.127919438793128515e-04
3.127918868245024853e-04
3.127918519364380427e-04
3.127918160072319805e-04
3.127917639303420339e-04
3.127917151346089547e-04
3.127917039918480329e-04
3.127916397011573689e-04
3.127915981540762180e-04
3.127915447297358541e-04
3.127914730918945245e-04
3.127914879252772563e-04
3.127914118570735997e-04
3.127913695679869792e-04
3.127913676735573248e-04
3.127913279090742231e-04
3.127913086097879871e-04
3.127912777054944315e-04
3.127912645100429183e-04
3.127912333627517376e-04
3.127912116516372233e-04
3.127912093551469142e-04
3.127911617645198913e-04
3.127911520354105545e-04
3.127911175481933818e-04
3.127910949980304729e-04
3.127910775002643246e-04
3.127910518374628509e-04
3.127910335473608333e-04
3.127910300835182308e-04
3.127909878308466002e-04
3.127909582355421487e-04
3.127909351061812547e-04
3.127909180003960420e-04
3.127909058550461035e-04
3.127908738196568425e-04
3.127908501360039304e-04
3.127908274385017952e-04
3.127908175661512453e-04
3.127907768368312635e-04
3.127907528494721810e-04
3.127907361442457861e-04
3.127907170980724020e-04
3.127906862521833537e-04
3.127906628055195809e-04
3.127906382502256390e-04
3.127906212886938505e-04
3.127905948690465647e-04
3.127905802634141060e-04
3.127905638193640998e-04
3.127905296583511599e-04
3.127905129284129244e-04
3.127904954627609528e-04
3.127904605278965982e-04
3.127904303032633636e-04
3.127904120700202690e-04
3.127904025362799353e-04
3.127903830521725197e-04
3.127903561914076053e-04
3.127903283253597030e-04
3.127903228233692382e-04
3.127902729443537153e-04
3.127902514524616819e-04
3.127902435111383017e-04
3.127902100662102139e-04
3.127901996248265079e-04
3.127901644195882607e-04
3.127901381495925334e-04
3.127901108840358047e-04
3.127901010552982088e-04
3.127900785473067529e-04
3.127900457591094655e-04
3.127900506527398882e-04
3.127900045853610270e-04
3.127899909296643906e-04
3.127899905831310959e-04
3.127899676249871921e-04
3.127899595955992195e-04
3.127899474968392373e-04
3.127899331780242776e-04
3.127899246559352102e-04
3.127899214794835955e-04
3.127899020673374428e-04
3.127899021516426727e-04
3.127898779346604662e-04
3.127898720054974355e-04
3.127898677281119150e-04
3.127898620671880911e-04
3.127898561376744836e-04
3.127898490324564854e-04
3.127898440123606013e-04
3.127898398996964533e-04
3.127898325618247151e-04
3.127898255785779434e-04
3.127898210083943022e-04
3.127898194529929324e-04
3.127898110387327584e-04
3.127898054793247897e-04
3.127897978679863096e-04
3.127897928046035995e-04
3.127897853719513411e-04
3.127897826607897508e-04
3.127897787288294162e-04
3.127897688323389965e-04
3.127897675935390268e-04
3.127897619381669143e-04
3.127897548634230745e-04
3.127897465548063675e-04
3.127897417417947789e-04
3.127897357493578719e-04
3.127897297320310984e-04
3.127897233219517625e-04
3.127897235395926093e-04
3.127897132153604717e-04
3.127897096428984298e-04
3.127897070042936004e-04
3.127897040278163543e-04
3.127897012872129828e-04
3.127896992476391236e-04
3.127896977727461620e-04
3.127896926917554123e-04
3.127896895850877657e-04
3.127896876165791847e-04
3.127896843362205611e-04
3.127896822678921424e-04
3.127896781530294492e-04
3.127896754934263342e-04
3.127896751145931389e-04
3.127896712060236530e-04
3.127896667888089037e-04
3.127896664320950590e-04
3.127896634771096815e-04
3.127896584696497942e-04
3.127896555089852574e-04
3.127896548064196475e-04
3.127896506234016747e-04
3.127896480467586200e-04
3.127896443589685835e-04
3.127896445041536628e-04
3.127896391116620880e-04
3.127896371219336105e-04
3.127896364278993707e-04
3.127896349864509019e-04
3.127896326753403975e-04
3.127896313265777161e-04
3.127896302642233558e-04
3.127896292661864162e-04
3.127896272509625452e-04
3.127896273080746836e-04
3.127896249901354403e-04
3.127896239267288618e-04
3.127896236496656044e-04
3.127896230896888433e-04
3.127896219558263624e-04
3.127896211939396065e-04
3.127896203388081569e-04
3.127896197076302127e-04
3.127896189757193701e-04
3.127896182915377091e-04
3.127896178310667465e-04
3.127896169451336011e-04
3.127896164023056657e-04
3.127896152686355223e-04
3.127896145571614568e-04
3.127896142066225772e-04
3.127896130294147777e-04
3.127896127806230136e-04
3.127896117397377536e-04
3.127896114774472930e-04
3.127896101639241096e-04
3.127896097048469973e-04
3.127896088876229962e-04
3.127896083537736642e-04
3.127896073348109180e-04
3.127896072461054536e-04
3.127896059338687845e-04
3.127896054918306141e-04
3.127896045568507102e-04
3.127896040484588248e-04
3.127896037753726921e-04
3.127896030851080606e-04
3.127896017366114966e-04
3.127896011776651070e-04
3.127896005508162738e-04
3.127895995718887228e-04
3.127895991707850933e-04
3.127895984208591473e-04
3.127895977896836426e-04
3.127895969519954339e-04
3.127895962703461439e-04
3.127895953375783920e-04
3.127895949689381066e-04
3.127895941824916778e-04
3.127895934567629017e-04
3.127895925091985006e-04
3.127895917903161902e-04
3.127895912698001055e-04
3.127895905232918900e-04
3.127895897612497679e-04
3.127895897356826002e-04
3.127895884361373306e-04
3.127895878352384426e-04
3.127895870882691160e-04
3.127895861601082475e-04
3.127895853244192534e-04
3.127895848120274208e-04
3.127895842485562761e-04
3.127895834617923929e-04
3.127895826807854064e-04
3.127895823803393234e-04
3.127895810544046814e-04
3.127895807404017345e-04
3.127895799044656507e-04
3.127895792146821339e-04
3.127895787535316476e-04
3.127895778363168843e-04
3.127895769513755128e-04
3.127895765428513326e-04
3.127895758381916405e-04
3.127895749382304368e-04
3.127895739926848202e-04
3.127895733683326877e-04
3.127895744587621922e-04
3.127895718845017260e-04
