1.084046546223016350e+01
9.996028286572757438e+00
9.163590230826754279e+00
8.337331377921909592e+00
7.529221519976772470e+00
6.755954216531431022e+00
6.033531364550535514e+00
5.376918242906096879e+00
4.800346791682025938e+00
4.310982054653844209e+00
3.908418300054547601e+00
3.590182387657064211e+00
3.345526590831119584e+00
3.163207958362577177e+00
3.030437521021673852e+00
2.936450261862086464e+00
2.869727940578197245e+00
2.822579138474059501e+00
2.788882126024673891e+00
2.764072126012845132e+00
2.745601222475974268e+00
2.730709573396677747e+00
2.718834646101214503e+00
2.708917079580602572e+00
2.698527051861234760e+00
2.689721640099326017e+00
2.681900447500542572e+00
2.673752615577869474e+00
2.666145061405522654e+00
2.658234823311744321e+00
2.651463356525572745e+00
2.644541523034808606e+00
2.637134925639322169e+00
2.630316167456382193e+00
2.623594776471758205e+00
2.617287043655886158e+00
2.610699096860766844e+00
2.604535796926850111e+00
2.597831607506356999e+00
2.592056689232416833e+00
2.585738084465976971e+00
2.580105545360232178e+00
2.574386061669364789e+00
2.568410805532864050e+00
2.562682122262342599e+00
2.557257006751365580e+00
2.551713881423204100e+00
2.546330170626843525e+00
2.541298771804726631e+00
2.535998236460644595e+00
2.530784337787566951e+00
2.525328813985695309e+00
2.520505345724251001e+00
2.515688141673257494e+00
2.511244918848343666e+00
2.506207981402515106e+00
2.501637578071679524e+00
2.496761636035738974e+00
2.492850147125316607e+00
2.487703379133598069e+00
2.483635925044783477e+00
2.479250989071505096e+00
2.474960200096261609e+00
2.470941421884640832e+00
2.466363394537214315e+00
2.462116088228843758e+00
2.458031354748754893e+00
2.454233028535594219e+00
2.450418428848153418e+00
2.446339843203822362e+00
2.442607750564353530e+00
2.438837957552504321e+00
2.435090685515798548e+00
2.431229137648595717e+00
2.428021033731350364e+00
2.424040195128081887e+00
2.420482285959842716e+00
2.416761065132361441e+00
2.413514336783949776e+00
2.409338360775444610e+00
2.406849868615118737e+00
2.402795273402474230e+00
2.399635944247105357e+00
2.396746720069468761e+00
2.392863844328568579e+00
2.389801694621788819e+00
